116145
116283
116010
116104
116659
116656
119025
119163
119565
119925
120603
120615
118170
118264
118890
119250
119704
119720
122419
122416
122483
122495
122464
122480
23985
24123
23850
23944
24499
24496
49185
49323
52830
56732
64931
65012
38430
38524
44730
48632
54132
54272
86931
86928
87491
87572
87252
87392
245025
245163
245565
245925
246603
246615
221985
222123
225630
229532
237731
237812
263790
264150
258030
261932
283660
283532
324643
324655
324131
324212
325060
324932
191070
191164
191790
192150
192604
192620
168030
168124
174330
178232
183732
183872
223290
223650
217530
221432
243160
243032
270644
270660
270132
270272
271360
271232
434579
434576
434643
434655
434624
434640
432531
432528
433091
433172
432852
432992
437443
437455
436931
437012
437860
437732
436244
436260
435732
435872
436960
436832
