32289139
32010615
35465425
36775041
32794839
36480133
34386547
34108023
38609505
40573529
36069991
40278621
43915455
45225071
44964159
46928183
49286247
49810599
36853959
40539253
37902663
42111293
48958571
49482923
21811609
21533085
24987895
26297511
22317309
26002603
17621727
17343203
16605920
15819494
16032493
15524590
24004856
25314472
19812764
19026338
24528046
20334850
21006599
24691893
16814509
16306606
24200374
20007178
26002617
25724093
30225575
32189599
27686061
31894691
19719391
19440867
18703584
17917158
18130157
17622254
28193960
30157984
22955196
22168770
28847270
24130738
25326775
29535405
20088013
19580110
28519598
23803066
41949376
43258992
42998080
44962104
47320168
47844520
32516308
33825924
28324216
27537790
33039498
28846302
34611812
36575836
29373048
28586622
35265122
30548590
46009454
46533806
37098618
32905422
38146370
33429838
34494673
38179967
35543377
39752007
46599285
47123637
25061607
28746901
20869517
20361614
28255382
24062186
27157111
31365741
21918349
21410446
30349934
25633402
45616246
46140598
36705410
32512214
37753162
33036630
