61696857
62779258
63861659
66026461
67108862
68191263
66026461
67108862
70356065
73603268
73603268
75768070
72520867
74685669
74685669
77932872
81180075
82262476
80097674
81180075
82262476
84427278
85509679
86592080
70356065
71438466
72520867
74685669
75768070
76850471
79015273
80097674
85509679
89839283
88756882
92004085
85509679
87674481
89839283
94168887
96333689
98498491
93086486
94168887
97416090
100663293
100663293
102828095
83344877
84427278
87674481
90921684
90921684
93086486
87674481
88756882
94168887
98498491
97416090
100663293
100663293
103910496
102828095
107157699
112569704
113652105
108240100
110404902
110404902
113652105
116899308
117981709
98498491
100663293
100663293
103910496
107157699
108240100
102828095
104992897
107157699
111487303
113652105
115816907
109322501
112569704
111487303
115816907
121228912
122311313
124476115
125558516
126640917
128805719
129888120
130970521
114734506
115816907
116899308
119064110
120146511
121228912
119064110
120146511
123393714
126640917
126640917
128805719
125558516
127723318
127723318
130970521
134217724
135300125
133135323
134217724
135300125
137464927
138547328
139629729
